11   3   3   3   3   3 
12   3   3   3   3   3 
13   4   3   3   3   3 
14   4   4   3   4   3 
15   4   4   3   4   3 
16   4   4   3   4   4 
17   5   4   3   4   4 
18   5   4   4   4   4 
19   5   4   4   4   4 
20   5   5   4   4   4 
21   5   5   4   5   4 
22   6   5   4   5   4 
23   6   5   4   5   5 
24   6   5   4   5   5 
25   6   6   5   5   5 
26   6   6   5   5   5 
27   7   6   5   6   5 
28   7   6   5   6   5 
29   7   6   5   6   6 
30   7   6   5   6   6 
31   7   7   5   6   6 
32   7   7   5   6   6 
33   8   7   6   6   6 
34   8   7   6   7   6 
35   8   7   6   7   6 
36   8   7   6   7   7 
37   8   7   6   7   7 
38   9   8   6   7   7 
39   9   8   6   7   7 
40   9   8   6   7   7 
41   9   8   7   8   7 
42   9   8   7   8   8 
43   9   8   7   8   8 
44  10   9   7   8   8 
45  10   9   7   8   8 
46  10   9   7   8   8 
47  10   9   7   8   8 
48  10   9   8   9   8 
49  11   9   8   9   9 
50  11   9   8   9   9 
51  11  10   8   9   9 
52  11  10   8   9   9 
53  11  10   8   9   9 
54  11  10   8  10   9 
55  12  10   9  10   9 
56  12  10   9  10  10 
57  12  11   9  10  10 
58  13  11   9  10  10 
59  13  11   9  10  10 
60  13  11  10  11  10 
61  13  12  10  11  11 
62  14  12  10  11  11 
63  14  12  10  11  11 
64  14  12  11  12  11 
65  15  13  11  12  12 
66  15  13  11  12  12 
67  15  13  11  12  12 
68  16  14  12  13  13 
69  16  14  12  13  13 
70  17  15  13  14  14 
71  17  15  13  14  14 
72  18  15  13  14  14 
73  18  16  14  15  15 
74  19  17  15  16  16 
75  19  17  15  16  16 
76  20  17  15  16  17 
77  21  18  16  17  18 
78  22  19  17  18  18 
79  23  20  18  19  19 
80  23  20  18  19  20 
81  25  22  19  20  21 
82  26  22  20  21  22 
83  27  24  22  23  23 
84  28  25  23  24  25 
85  30  26  24  25  26 
86  31  28  26  27  28 
87  33  29  27  28  29 
88  36  32  30  30  32 
89  38  34  32  32  34 
90  41  37  35  36  37 
91  43  40  37  38  39 
92  45  42  40  40  41 
93  49  47  45  46  47 
94  61  59  58  58  60 
95  71  69  69  69  71 
96  78  77  77  77  78 
97  83  82  82  82  83 
98  90  89  89  88  90 
99 100 100 100 100 100 
